ROUND = 6 and index = 0

Potential ID key = 131465216

Potential ID key = 137953280

Potential ID key = 184877056

Potential ID key = 270860288

Potential ID key = 806027264

Potential ID key = 2821

Potential ID key = 1040121856

Potential ID key = 1674575872

Potential ID key = 2004746240

Potential ID key = 2044657664

Potential ID key = 2088501248

Potential ID key = 12299

Potential ID key = 2107637760

Potential ID key = 8615704395776

Potential ID key = 9040906158080

Potential ID key = 12116102742016

Potential ID key = 148292335828992

Potential ID key = 159098473545728

Potential ID key = 17751099834368

Potential ID key = 32160

Potential ID key = 52823802773504

Potential ID key = 68165425954816

Potential ID key = 109745004347392

Potential ID key = 131383049584640

Potential ID key = 4133

Potential ID key = 133998684667904

Potential ID key = 136872017788928

Potential ID key = 138126148239360

Potential ID key = 37043

Potential ID key = 2105

Potential ID key = 2262761472

Potential ID key = 2427650048

Potential ID key = 25552

Potential ID key = 2006

Potential ID key = 31199

Potential ID key = 34527

Potential ID key = 31868

Potential ID key = 30590

Potential ID key = 15871
non_feasible_diff = defaultdict(<class 'list'>, {2147745792: [327680, 393216, 524288, 655360, 786432, 5242880, 6291456, 10485760, 13631488, 50331648, 83886080, 117440512, 218103808], 4268425216: [327680, 393216, 524288, 655360, 786432, 5242880, 6291456, 10485760, 13631488, 50331648, 83886080, 117440512, 218103808], 1048576: [327680, 393216, 524288, 655360, 786432, 5242880, 6291456, 10485760, 13631488, 50331648, 83886080, 117440512, 218103808], 1245184: [327680, 393216, 524288, 655360, 786432, 5242880, 6291456, 10485760, 13631488, 50331648, 83886080, 117440512, 218103808], 65536: [327680, 393216, 524288, 655360, 786432, 5242880, 6291456, 10485760, 13631488, 50331648, 83886080, 117440512, 218103808], 16: [327680, 393216, 524288, 589824, 655360, 720896, 786432, 983040, 5242880, 6291456, 9437184, 10485760, 13631488, 14680064, 50331648, 83886080, 117440512, 1884291072, 810549248, 1885339648, 811597824, 1885929472, 812187648, 1888485376, 814743552, 818937856, 1892679680, 811925504, 1885667328], 2147483648: [327680, 393216, 524288, 655360, 786432, 5242880, 6291456, 10485760, 13631488, 50331648, 83886080, 117440512, 218103808], 2148859904: [327680, 393216, 524288, 655360, 786432, 5242880, 6291456, 10485760, 13631488, 50331648, 83886080, 117440512, 218103808], 1376256: [327680, 393216, 524288, 655360, 786432, 5242880, 6291456, 10485760, 13631488, 50331648, 83886080, 117440512, 218103808], 196608: [327680, 393216, 524288, 655360, 786432, 5242880, 6291456, 10485760, 13631488, 50331648, 83886080, 117440512, 218103808], 8912896: [327680, 393216, 524288, 655360, 786432, 5242880, 6291456, 10485760, 13631488, 50331648, 83886080, 117440512, 218103808], 1: [327680, 5242880, 6291456, 9437184, 10485760, 13631488, 14680064, 50331648, 83886080, 117440512, 150994944, 218103808], 786432: [327680, 393216, 524288, 589824, 655360, 720896, 786432, 983040, 5242880, 6291456, 9437184, 962265088, 10485760, 13631488, 856358912, 963117056, 963182592, 963248128, 14680064, 2030370816, 963313664, 2030567424, 4259708928, 3043295232, 2006908928, 966066176, 966262784, 966328320, 966393856, 966459392, 967180288, 967311360, 967376896, 967442432, 967507968, 4120182784, 2035613696, 2035810304, 2035875840, 2035941376, 2036006912, 862453760, 1929707520, 862650368, 2036858880, 1930166272, 2036924416, 2036989952, 2037055488, 3104309248, 3104374784, 3104440320, 970326016, 50331648, 3104505856, 970457088, 970522624, 970588160, 970653696, 971309056, 971374592, 971505664, 971571200, 971636736, 865402880, 865730560, 865796096, 2040004608, 2040070144, 2040135680, 2040201216, 866648064, 866713600, 866779136, 866844672, 2041053184, 2041118720, 2041184256, 2041249792, 1934950400, 1935147008, 1935212544, 1935278080, 1935343616, 1935409152, 3109552128, 3109617664, 3109683200, 3109748736, 1935998976, 1936195584, 1936261120, 1936326656, 3003449344, 1936392192, 3003514880, 3003645952, 3003711488, 3003777024, 3003842560, 3110600704, 869793792, 3110666240, 869859328, 3110731776, 869924864, 3110797312, 869990400, 870055936, 4178051072, 4178116608, 4178182144, 4178247680, 83886080, 2044264448, 2044329984, 2044395520, 870842368, 870907904, 870973440, 871038976, 871104512, 2045247488, 2045313024, 2045378560, 2045444096, 1939341312, 1939406848, 1939472384, 1939537920, 1939603456, 3113746432, 3113811968, 3113877504, 3113943040, 1940193280, 1940258816, 1940389888, 1940455424, 1940520960, 1940586496, 3114795008, 3114860544, 3114926080, 3114991616, 3008692224, 3008757760, 3008888832, 3008954368, 3009019904, 3009085440, 4183293952, 4183359488, 4183425024, 4183490560, 3009740800, 3009937408, 3010002944, 3010068480, 4077191168, 3010134016, 4077387776, 4184145920, 4077453312, 4077518848, 4077584384, 4184342528, 1943535616, 4184408064, 1943601152, 4184473600, 1943666688, 4184539136, 1943732224, 1943994368, 117440512, 3117940736, 3118006272, 3118071808, 3118137344, 1944387584, 1944453120, 1944584192, 1944649728, 1944715264, 1944780800, 3118989312, 3119054848, 3119120384, 3119185920, 3012886528, 3012952064, 3013083136, 3013148672, 3013214208, 3013279744, 4187488256, 4187553792, 4187619328, 4187684864, 3013935104, 3014000640, 3014131712, 3014197248, 3014262784, 3014328320, 4188536832, 4188602368, 4188667904, 4188733440, 4082434048, 4082499584, 4083679232, 4083744768, 4083810304, 4083875840, 3017080832, 3017277440, 3017342976, 3017408512, 3017474048, 150994944, 4191682560, 4191748096, 4191944704, 3018391552, 3018457088, 4192731136, 4192796672, 4192862208, 4192927744, 4125032448, 4087742464, 4087939072, 4088004608, 889782272, 4092133376, 4092198912, 894763008, 894828544, 895418368, 896073728, 896139264, 1963524096, 218103808, 1033371648, 898957312, 899022848, 899153920, 899284992, 899350528, 899612672, 900005888, 900071424, 900202496, 900268032, 900333568, 900399104, 900464640, 1968504832, 1968570368, 1968701440, 1968766976, 1968832512, 1968898048, 1969160192, 1969553408, 1969618944, 1969750016, 1969815552, 1969881088, 3037003776, 1969946624, 3037069312, 1970012160, 3037265920, 903151616, 3037331456, 903217152, 3037396992, 3037462528, 903348224, 903413760, 903479296, 3037659136, 903544832, 903806976, 904200192, 904265728, 904396800, 904462336, 904527872, 904593408, 904658944, 1972699136, 1972764672, 1972895744, 1972961280, 1973026816, 1973092352, 1973747712, 1973813248, 1973944320, 1974009856, 1974075392, 1884291072, 810549248, 2958032896, 4031774720, 1884618752, 810942464, 810876928, 1884684288, 2958360576, 4032167936, 4032102400, 811335680, 1885077504, 2958426112, 1885274112, 1885339648, 811597824, 2959081472, 4032823296, 811532288, 2959015936, 4032757760, 4033150976, 812122112, 1885929472, 812253184, 812187648, 1885995008, 1886060544, 812318720, 1885863936, 2959671296, 4033478656, 4033413120, 2959736832, 2959802368, 4033806336, 812580864, 3042705408, 1886322688, 3042902016, 2962227200, 4035969024, 1888485376, 814743552, 1888813056, 815136768, 1888878592, 2962751488, 2962817024, 2962882560, 2962948096, 815071232, 2962554880, 4036362240, 2962620416, 4036755456, 2963013632, 2963210240, 2963275776, 4037017600, 1889533952, 815792128, 4036952064, 1889468416, 4037541888, 2963800064, 1890123776, 2963996672, 4037738496, 816447488, 1890189312, 816381952, 2963865600, 4037672960, 2963931136, 1890254848, 1890516992, 2964258816, 816775168, 3043491840, 3043622912, 4110745600, 4040163328, 2966421504, 818937856, 1892679680, 819265536, 819331072, 1893072896, 1893007360, 4040491008, 4040556544, 2966749184, 4040949760, 2967207936, 2966814720, 4041146368, 819986432, 4041211904, 2967470080, 1893728256, 2967404544, 1894055936, 1894121472, 819920896, 820510720, 1894318080, 1894383616, 1894252544, 1894514688, 4041801728, 2968059904, 1894711296, 2968125440, 820707328, 1894449152, 2968190976, 4041932800, 2968256512, 2968453120, 4042194944, 4111400960, 1977352192, 1977548800, 1978138624, 1978204160, 1978269696, 3084648448, 3046899712, 3047096320, 3042312192, 3047882752, 4116381696, 4116447232, 4116643840, 4117299200, 3177971712, 3050635264, 3050700800, 3085631488, 3051094016, 855965696, 856031232, 1929773056, 856162304, 856227840, 856293376, 1929904128, 1929969664, 1930035200, 1930100736, 4077256704, 4077649920, 3003908096, 4077846528, 3004104704, 856424448, 856621056, 1930362880, 3051880448, 811073536, 3051945984, 811139072, 811204608, 3052077056, 2104229888, 811270144, 4259643392, 861208576, 861274112, 1935015936, 4082630656, 4082696192, 4082761728, 4082827264, 861405184, 861470720, 861536256, 861601792, 4082892800, 3009150976, 4083089408, 3009347584, 861667328, 861863936, 1935605760, 862322688, 862257152, 862519296, 862584832, 4083548160, 4083941376, 4083482624, 3009806336, 1936064512, 3010199552, 3010396160, 1936457728, 1936654336, 862715904, 862912512, 4084137984, 811925504, 811991040, 4086628352, 1939144704, 865468416, 4086824960, 4086890496, 4086956032, 4087021568, 865599488, 865665024, 1939210240, 4086693888, 4087087104, 3013345280, 865861632, 3013541888, 4087283712, 866451456, 1939800064, 866058240, 4087873536, 812384256, 866516992, 4088070144, 4088135680, 4087676928, 3014393856, 1940652032, 1940848640, 3014590464, 866910208, 4088332288, 867106816, 4120641536, 4120838144, 869597184, 4090888192, 1943404544, 4091019264, 4091084800, 4091150336, 4091215872, 1943339008, 869662720, 4090822656, 3017146368, 3017539584, 4091281408, 1943797760, 4091478016, 3017736192, 3018129408, 3018194944, 870252544, 3018326016, 4092067840, 870645760, 3018522624, 4092264448, 4091936768, 4091871232, 870711296, 1944846336, 3018588160, 3018784768, 1945042944, 871301120, 4092329984, 4092526592, 4121624576, 1976893440, 4111007744, 1976958976, 815267840, 815333376, 4111073280, 815398912, 815464448, 815529984, 1028980736, 4153802752, 1029046272, 815726592, 1029177344, 1029242880, 816119808, 816185344, 816316416, 923074560, 923140096, 816513024, 923271168, 816578560, 1030029312, 923336704, 1030094848, 923467776, 4124835840, 2106982400, 889520128, 889585664, 1963261952, 889716736, 1963327488, 889847808, 889913344, 4111204352, 1963458560, 1963655168, 4110811136, 4110942208, 3037200384, 1963589632, 4111138816, 889978880, 1963720704, 890175488, 1963917312, 2097676288, 2097741824, 2097807360, 1038417920, 2097872896, 2097938432, 1038483456, 4125622272, 1884815360, 1884880896, 1884946432, 4125818880, 1885011968, 3042246656, 4115988480, 4116054016, 3042443264, 3042508800, 3042574336, 3042639872, 4116185088, 4116250624, 4116316160, 894959616, 895025152, 895090688, 895156224, 895221760, 1968963584, 4117037056, 4117102592, 3043360768, 895811584, 895877120, 896008192, 3043688448, 3043753984, 4117495808, 896204800, 3043950592, 896270336, 4117233664, 3043557376, 4117364736, 4117430272, 4117692416, 896466944, 1970208768, 4154392576, 1885667328, 1885732864, 3046440960, 3046506496, 4120248320, 3046637568, 3046703104, 3046768640, 3046834176, 4120379392, 4120444928, 4120510464, 4120576000, 1886126080, 899219456, 1973157888, 899416064, 1973354496, 3047489536, 3047555072, 4121231360, 3047686144, 3047751680, 3047817216, 1974140928, 1974206464, 3047948288, 4121296896, 1974403072, 3048144896, 4121427968, 4121493504, 4121559040, 4121690112, 4121886720, 900661248, 819462144, 819527680, 819593216, 819658752, 819724288, 4124377088, 1033175040, 4124442624, 3050831872, 3050897408, 1977221120, 1977286656, 3050962944, 3051028480, 1977090048, 1977155584, 4124573696, 4124639232, 4124704768, 4124770304, 903610368, 1977942016, 1978007552, 3051683840, 3051749376, 4125425664, 4125491200, 4125687808, 1978400768, 3052142592, 4125753344, 3052339200, 904855552, 4125884416, 1033437184, 3052011520, 1978335232, 1033568256, 1033502720, 1978597376, 4126081024, 1033633792, 2107113472, 820314112, 820379648, 820576256, 820641792, 820772864, 1034223616, 1034289152, 820969472, 1034485760, 1034551296, 1034616832, 932511744, 932577280, 928514048, 928579584, 1889009664, 928645120, 1889075200, 1889140736, 928776192, 1889206272, 1889271808, 2102722560, 928972800, 2102788096, 2102919168, 2102984704, 2103050240, 2103115776, 929366016, 2103181312, 929431552, 1889861632, 1889927168, 929562624, 2103377920, 1890058240, 929693696, 1996816384, 1996881920, 1997012992, 1890320384, 2103771136, 2103836672, 2103967744, 2104033280, 2104098816, 3171221504, 3070558208, 3070623744, 4144300032, 4144365568, 3171287040, 923402240, 4144693248, 3071016960, 4144758784, 923533312, 923729920, 1997078528, 1997275136, 1997471744, 1997144064, 1997209600, 3171418112, 3171483648, 3071213568, 4144955392, 1037369344, 3171549184, 1037434880, 3171614720, 3171680256, 1037565952, 1037631488, 1037697024, 1037762560, 2958557184, 1037828096, 2958622720, 2958688256, 933167104, 2958753792, 2958819328, 2002059264, 928317440, 928382976, 2002255872, 2002321408, 2002386944, 2002452480, 3075997696, 3076063232, 3076128768, 3076194304, 4149739520, 4149805056, 4149870592, 4149936128, 928710656, 2003107840, 2003173376, 3076849664, 3076915200, 2003369984, 2003435520, 4150657024, 3077308416, 2003566592, 4150919168, 4151050240, 929628160, 929824768, 929759232, 3077177344, 3077242880, 2003763200, 3077505024, 4151246848, 930021376, 1038614528, 1038680064, 2959409152, 1038745600, 2959474688, 1893662720, 2959605760, 1038876672, 4153737216, 2006253568, 2006319104, 2006450176, 2006515712, 2006581248, 3080192000, 3080257536, 3080323072, 3080388608, 4153933824, 4153999360, 4154064896, 4154130432, 2959867904, 3080454144, 2007302144, 2007367680, 3081043968, 3081109504, 933822464, 933888000, 2007629824, 934019072, 2007760896, 3081502720, 934215680, 2007957504, 3081699328, 4155244544, 4155441152, 2960064512, 932708352, 932773888, 1893203968, 932839424, 1893269504, 932904960, 932970496, 1893335040, 1893400576, 1893466112, 3084189696, 2106916864, 936706048, 936902656, 936968192, 937033728, 4158324736, 3084582912, 2010644480, 2010710016, 2010775552, 3084386304, 3084451840, 3084517376, 937099264, 2010841088, 2011496448, 2011561984, 3085238272, 3085303808, 2011758592, 938082304, 2011824128, 4159438848, 3085697024, 2011955200, 938409984, 4159635456, 2012151808, 938213376, 2107179008, 938147840, 2107244544, 2107310080, 933560320, 3085893632, 2107375616, 933625856, 933756928, 933953536, 2107965440, 2108030976, 2108424192, 2002124800, 2002518016, 2002714624, 3176529920, 2963603456, 2963668992, 2003304448, 2003501056, 3070754816, 2964062208, 3177512960, 3070820352, 3177578496, 3070885888, 936771584, 3070951424, 4177854464, 4177920000, 3104178176, 3104112640, 2030632960, 2030698496, 2030764032, 956694528, 956628992, 2030436352, 957087744, 2030829568, 4178313216, 957284352, 2031026176, 4178509824, 3104571392, 3104768000, 3178168320, 937361408, 937754624, 4032299008, 937820160, 4032364544, 4032430080, 937951232, 4032495616, 938016768, 4032561152, 4183097344, 4183162880, 3109421056, 962068480, 962134016, 962199552, 3109355520, 961937408, 961871872, 2035679232, 962330624, 2036072448, 4183556096, 962527232, 2036269056, 4183752704, 3109814272, 3110010880, 3110404096, 3110469632, 2036727808, 2036662272, 962985984, 962920448, 4184211456, 963379200, 4184604672, 3110862848, 963575808, 4184801280, 3111059456, 2037121024, 2037317632, 2112225280, 4033216512, 4033347584, 2112618496, 3113549824, 4187357184, 3113615360, 4187291648, 966131712, 2039808000, 4033544192, 966524928, 2040266752, 2039873536, 2040463360, 966721536, 4187750400, 3114205184, 3114008576, 4187947008, 4033609728, 4188405760, 3114663936, 2040856576, 2040922112, 3114598400, 4188340224, 967573504, 4188798976, 967114752, 4188995584, 967770112, 2041511936, 2041315328, 3115057152, 3115253760, 2966945792, 2967011328, 2006646784, 2967076864, 2006712320, 2967142400, 4191485952, 3117809664, 3117744128, 2044198912, 4191551488, 4191813632, 4191879168, 970260480, 2044067840, 2044002304, 2044461056, 970719232, 970915840, 2044657664, 4192141312, 3118202880, 4192534528, 4192600064, 3118399488, 3118792704, 2045116416, 2045050880, 3118858240, 4192993280, 971767808, 2045509632, 971964416, 4193189888, 3119448064, 2045706240, 3119251456, 971702272, 2967797760, 2967863296, 2007498752, 2007564288, 2967994368, 2007695360, 3181707264, 3181772800, 3182166016, 3075801088, 3075866624, 4036296704, 4036493312, 4036558848, 4036624384, 3076259840, 4036689920, 3076456448, 4037345280, 4037410816, 3077046272, 3077111808, 4037607424, 4144496640, 4037804032, 4251254784, 4144562176, 2010447872, 4251320320, 4144627712, 2010513408, 4038000640, 4251713536, 2010906624, 2011103232, 2011693056, 2011889664, 3185901568, 3185967104, 3186360320, 3186556928, 3079995392, 3080060928, 4040687616, 4040753152, 4040818688, 4040884224, 3080650752, 4041539584, 4041605120, 3081240576, 3081306112, 4041736192, 3081371648, 3081437184, 4041867264, 4041998336, 4255449088, 4255514624, 4255907840, 4256104448, 4149542912, 4149608448, 4150001664, 4150198272, 4150591488, 4150788096, 4150853632, 4150984704, 3084255232, 4244963328, 2097479680, 2097545216, 4245159936, 4245225472, 4245291008, 4245356544, 4245422080, 4245028864, 1023737856, 4245618688, 1023934464, 1024000000, 1024065536, 1024131072, 1024196608, 1024393216, 2098135040, 3171876864, 4258594816, 3084845056, 4258660352, 4258791424, 4258856960, 4258922496, 4258988032, 937164800, 3085434880, 3085500416, 3085565952, 4250206208, 4250271744, 3176464384, 4250402816, 4250468352, 3176792064, 3176857600, 3176923136, 4250533888, 4250599424, 3177119744, 4250664960, 3176660992, 3176726528, 1029308416, 1029373952, 1029439488, 1029636096, 4250861568, 3177709568, 3177775104, 3177840640, 3177906176, 4251451392, 4251516928, 1030225920, 1030291456, 1030356992, 1030422528, 4251582464, 4251648000, 2104164352, 1030488064, 1030684672, 2104426496, 4251910144, 4260102144, 3180658688, 3180724224, 1033240576, 3180855296, 3180920832, 3180986368, 3181051904, 3181117440, 4254400512, 4254466048, 2107572224, 3181314048, 4254597120, 4254662656, 4254728192, 4254793728, 4254859264, 4255055872, 1033830400, 1034420224, 2108227584, 2108293120, 3182100480, 4255711232, 4255776768, 4255842304, 2108162048, 4255645696, 3181903872, 3181969408, 3182034944, 2108358656, 1034682368, 2108620800, 1034878976, 3182362624, 4154195968, 2111111168, 2111176704, 3184852992, 2111307776, 2111373312, 2111438848, 2111504384, 2111569920, 3184918528, 3185049600, 2111766528, 3185115136, 3185180672, 3185246208, 3185311744, 3185508352, 4259053568, 1038024704, 4259250176, 2112356352, 2112421888, 2112487424, 2112552960, 3186098176, 3186163712, 3186229248, 3186294784, 4259840000, 4259905536, 4259971072, 4260036608, 1038811136, 1039073280, 2112815104, 4154785792, 4260298752, 4154851328, 4154982400, 4155047936, 4155113472, 4155179008, 4157931520, 4157997056, 956825600, 956891136, 4158128128, 956956672, 4158193664, 957022208, 4158259200, 4158390272, 4158586880, 2112159744, 1023803392, 4158980096, 4159045632, 4159176704, 4159242240, 4159307776, 4159373312, 3051290624], 140754668224512: [327680, 393216, 524288, 655360, 786432, 5242880, 6291456, 10485760, 13631488, 50331648, 83886080, 117440512, 218103808], 279735514955776: [327680, 393216, 524288, 655360, 786432, 5242880, 6291456, 10485760, 13631488, 50331648, 83886080, 117440512, 218103808], 68719476736: [327680, 393216, 524288, 655360, 786432, 5242880, 6291456, 10485760, 13631488, 50331648, 83886080, 117440512, 218103808], 1477468749824: [327680, 393216, 524288, 655360, 786432, 5242880, 6291456, 10485760, 13631488, 50331648, 83886080, 117440512, 218103808], 2662879723520: [327680, 393216, 524288, 655360, 786432, 5242880, 6291456, 10485760, 13631488, 50331648, 83886080, 117440512, 218103808], 81604378624: [327680, 393216, 524288, 655360, 786432, 5242880, 6291456, 10485760, 13631488, 50331648, 83886080, 117440512, 218103808], 12: [327680, 393216, 524288, 589824, 655360, 720896, 786432, 983040, 5242880, 6291456, 9437184, 962265088, 10485760, 13631488, 856358912, 963117056, 963182592, 963248128, 14680064, 2030370816, 963313664, 2030567424, 4259708928, 3043295232, 2006908928, 966066176, 966262784, 966328320, 966393856, 966459392, 967180288, 967311360, 967376896, 967442432, 967507968, 4120182784, 2035613696, 2035810304, 2035875840, 2035941376, 2036006912, 862453760, 1929707520, 862650368, 2036858880, 1930166272, 2036924416, 2036989952, 2037055488, 3104309248, 3104374784, 3104440320, 970326016, 50331648, 3104505856, 970457088, 970522624, 970588160, 970653696, 971309056, 971374592, 971505664, 971571200, 971636736, 865402880, 865730560, 865796096, 2040004608, 2040070144, 2040135680, 2040201216, 866648064, 866713600, 866779136, 866844672, 2041053184, 2041118720, 2041184256, 2041249792, 1934950400, 1935147008, 1935212544, 1935278080, 1935343616, 1935409152, 3109552128, 3109617664, 3109683200, 3109748736, 1935998976, 1936195584, 1936261120, 1936326656, 3003449344, 1936392192, 3003514880, 3003645952, 3003711488, 3003777024, 3003842560, 3110600704, 869793792, 3110666240, 869859328, 3110731776, 869924864, 3110797312, 869990400, 870055936, 4178051072, 4178116608, 4178182144, 4178247680, 83886080, 2044264448, 2044329984, 2044395520, 870842368, 870907904, 870973440, 871038976, 871104512, 2045247488, 2045313024, 2045378560, 2045444096, 1939341312, 1939406848, 1939472384, 1939537920, 1939603456, 3113746432, 3113811968, 3113877504, 3113943040, 1940193280, 1940258816, 1940389888, 1940455424, 1940520960, 1940586496, 3114795008, 3114860544, 3114926080, 3114991616, 3008692224, 3008757760, 3008888832, 3008954368, 3009019904, 3009085440, 4183293952, 4183359488, 4183425024, 4183490560, 3009740800, 3009937408, 3010002944, 3010068480, 4077191168, 3010134016, 4077387776, 4184145920, 4077453312, 4077518848, 4077584384, 4184342528, 1943535616, 4184408064, 1943601152, 4184473600, 1943666688, 4184539136, 1943732224, 1943994368, 117440512, 3117940736, 3118006272, 3118071808, 3118137344, 1944387584, 1944453120, 1944584192, 1944649728, 1944715264, 1944780800, 3118989312, 3119054848, 3119120384, 3119185920, 3012886528, 3012952064, 3013083136, 3013148672, 3013214208, 3013279744, 4187488256, 4187553792, 4187619328, 4187684864, 3013935104, 3014000640, 3014131712, 3014197248, 3014262784, 3014328320, 4188536832, 4188602368, 4188667904, 4188733440, 4082434048, 4082499584, 4083679232, 4083744768, 4083810304, 4083875840, 3017080832, 3017277440, 3017342976, 3017408512, 3017474048, 150994944, 4191682560, 4191748096, 4191944704, 3018391552, 3018457088, 4192731136, 4192796672, 4192862208, 4192927744, 4125032448, 4087742464, 4087939072, 4088004608, 889782272, 4092133376, 4092198912, 894763008, 894828544, 895418368, 896073728, 896139264, 1963524096, 218103808, 1033371648, 898957312, 899022848, 899153920, 899284992, 899350528, 899612672, 900005888, 900071424, 900202496, 900268032, 900333568, 900399104, 900464640, 1968504832, 1968570368, 1968701440, 1968766976, 1968832512, 1968898048, 1969160192, 1969553408, 1969618944, 1969750016, 1969815552, 1969881088, 3037003776, 1969946624, 3037069312, 1970012160, 3037265920, 903151616, 3037331456, 903217152, 3037396992, 3037462528, 903348224, 903413760, 903479296, 3037659136, 903544832, 903806976, 904200192, 904265728, 904396800, 904462336, 904527872, 904593408, 904658944, 1972699136, 1972764672, 1972895744, 1972961280, 1973026816, 1973092352, 1973747712, 1973813248, 1973944320, 1974009856, 1974075392, 1884291072, 810549248, 2958032896, 4031774720, 1884618752, 810942464, 810876928, 1884684288, 2958360576, 4032167936, 4032102400, 811335680, 1885077504, 2958426112, 1885274112, 1885339648, 811597824, 2959081472, 4032823296, 811532288, 2959015936, 4032757760, 4033150976, 812122112, 1885929472, 812253184, 812187648, 1885995008, 1886060544, 812318720, 1885863936, 2959671296, 4033478656, 4033413120, 2959736832, 2959802368, 4033806336, 812580864, 3042705408, 1886322688, 3042902016, 2962227200, 4035969024, 1888485376, 814743552, 1888813056, 815136768, 1888878592, 2962751488, 2962817024, 2962882560, 2962948096, 815071232, 2962554880, 4036362240, 2962620416, 4036755456, 2963013632, 2963210240, 2963275776, 4037017600, 1889533952, 815792128, 4036952064, 1889468416, 4037541888, 2963800064, 1890123776, 2963996672, 4037738496, 816447488, 1890189312, 816381952, 2963865600, 4037672960, 2963931136, 1890254848, 1890516992, 2964258816, 816775168, 3043491840, 3043622912, 4110745600, 4040163328, 2966421504, 818937856, 1892679680, 819265536, 819331072, 1893072896, 1893007360, 4040491008, 4040556544, 2966749184, 4040949760, 2967207936, 2966814720, 4041146368, 819986432, 4041211904, 2967470080, 1893728256, 2967404544, 1894055936, 1894121472, 819920896, 820510720, 1894318080, 1894383616, 1894252544, 1894514688, 4041801728, 2968059904, 1894711296, 2968125440, 820707328, 1894449152, 2968190976, 4041932800, 2968256512, 2968453120, 4042194944, 4111400960, 1977352192, 1977548800, 1978138624, 1978204160, 1978269696, 3084648448, 3046899712, 3047096320, 3042312192, 3047882752, 4116381696, 4116447232, 4116643840, 4117299200, 3177971712, 3050635264, 3050700800, 3085631488, 3051094016, 855965696, 856031232, 1929773056, 856162304, 856227840, 856293376, 1929904128, 1929969664, 1930035200, 1930100736, 4077256704, 4077649920, 3003908096, 4077846528, 3004104704, 856424448, 856621056, 1930362880, 3051880448, 811073536, 3051945984, 811139072, 811204608, 3052077056, 2104229888, 811270144, 4259643392, 861208576, 861274112, 1935015936, 4082630656, 4082696192, 4082761728, 4082827264, 861405184, 861470720, 861536256, 861601792, 4082892800, 3009150976, 4083089408, 3009347584, 861667328, 861863936, 1935605760, 862322688, 862257152, 862519296, 862584832, 4083548160, 4083941376, 4083482624, 3009806336, 1936064512, 3010199552, 3010396160, 1936457728, 1936654336, 862715904, 862912512, 4084137984, 811925504, 811991040, 4086628352, 1939144704, 865468416, 4086824960, 4086890496, 4086956032, 4087021568, 865599488, 865665024, 1939210240, 4086693888, 4087087104, 3013345280, 865861632, 3013541888, 4087283712, 866451456, 1939800064, 866058240, 4087873536, 812384256, 866516992, 4088070144, 4088135680, 4087676928, 3014393856, 1940652032, 1940848640, 3014590464, 866910208, 4088332288, 867106816, 4120641536, 4120838144, 869597184, 4090888192, 1943404544, 4091019264, 4091084800, 4091150336, 4091215872, 1943339008, 869662720, 4090822656, 3017146368, 3017539584, 4091281408, 1943797760, 4091478016, 3017736192, 3018129408, 3018194944, 870252544, 3018326016, 4092067840, 870645760, 3018522624, 4092264448, 4091936768, 4091871232, 870711296, 1944846336, 3018588160, 3018784768, 1945042944, 871301120, 4092329984, 4092526592, 4121624576, 1976893440, 4111007744, 1976958976, 815267840, 815333376, 4111073280, 815398912, 815464448, 815529984, 1028980736, 4153802752, 1029046272, 815726592, 1029177344, 1029242880, 816119808, 816185344, 816316416, 923074560, 923140096, 816513024, 923271168, 816578560, 1030029312, 923336704, 1030094848, 923467776, 4124835840, 2106982400, 889520128, 889585664, 1963261952, 889716736, 1963327488, 889847808, 889913344, 4111204352, 1963458560, 1963655168, 4110811136, 4110942208, 3037200384, 1963589632, 4111138816, 889978880, 1963720704, 890175488, 1963917312, 2097676288, 2097741824, 2097807360, 1038417920, 2097872896, 2097938432, 1038483456, 4125622272, 1884815360, 1884880896, 1884946432, 4125818880, 1885011968, 3042246656, 4115988480, 4116054016, 3042443264, 3042508800, 3042574336, 3042639872, 4116185088, 4116250624, 4116316160, 894959616, 895025152, 895090688, 895156224, 895221760, 1968963584, 4117037056, 4117102592, 3043360768, 895811584, 895877120, 896008192, 3043688448, 3043753984, 4117495808, 896204800, 3043950592, 896270336, 4117233664, 3043557376, 4117364736, 4117430272, 4117692416, 896466944, 1970208768, 4154392576, 1885667328, 1885732864, 3046440960, 3046506496, 4120248320, 3046637568, 3046703104, 3046768640, 3046834176, 4120379392, 4120444928, 4120510464, 4120576000, 1886126080, 899219456, 1973157888, 899416064, 1973354496, 3047489536, 3047555072, 4121231360, 3047686144, 3047751680, 3047817216, 1974140928, 1974206464, 3047948288, 4121296896, 1974403072, 3048144896, 4121427968, 4121493504, 4121559040, 4121690112, 4121886720, 900661248, 819462144, 819527680, 819593216, 819658752, 819724288, 4124377088, 1033175040, 4124442624, 3050831872, 3050897408, 1977221120, 1977286656, 3050962944, 3051028480, 1977090048, 1977155584, 4124573696, 4124639232, 4124704768, 4124770304, 903610368, 1977942016, 1978007552, 3051683840, 3051749376, 4125425664, 4125491200, 4125687808, 1978400768, 3052142592, 4125753344, 3052339200, 904855552, 4125884416, 1033437184, 3052011520, 1978335232, 1033568256, 1033502720, 1978597376, 4126081024, 1033633792, 2107113472, 820314112, 820379648, 820576256, 820641792, 820772864, 1034223616, 1034289152, 820969472, 1034485760, 1034551296, 1034616832, 932511744, 932577280, 928514048, 928579584, 1889009664, 928645120, 1889075200, 1889140736, 928776192, 1889206272, 1889271808, 2102722560, 928972800, 2102788096, 2102919168, 2102984704, 2103050240, 2103115776, 929366016, 2103181312, 929431552, 1889861632, 1889927168, 929562624, 2103377920, 1890058240, 929693696, 1996816384, 1996881920, 1997012992, 1890320384, 2103771136, 2103836672, 2103967744, 2104033280, 2104098816, 3171221504, 3070558208, 3070623744, 4144300032, 4144365568, 3171287040, 923402240, 4144693248, 3071016960, 4144758784, 923533312, 923729920, 1997078528, 1997275136, 1997471744, 1997144064, 1997209600, 3171418112, 3171483648, 3071213568, 4144955392, 1037369344, 3171549184, 1037434880, 3171614720, 3171680256, 1037565952, 1037631488, 1037697024, 1037762560, 2958557184, 1037828096, 2958622720, 2958688256, 933167104, 2958753792, 2958819328, 2002059264, 928317440, 928382976, 2002255872, 2002321408, 2002386944, 2002452480, 3075997696, 3076063232, 3076128768, 3076194304, 4149739520, 4149805056, 4149870592, 4149936128, 928710656, 2003107840, 2003173376, 3076849664, 3076915200, 2003369984, 2003435520, 4150657024, 3077308416, 2003566592, 4150919168, 4151050240, 929628160, 929824768, 929759232, 3077177344, 3077242880, 2003763200, 3077505024, 4151246848, 930021376, 1038614528, 1038680064, 2959409152, 1038745600, 2959474688, 1893662720, 2959605760, 1038876672, 4153737216, 2006253568, 2006319104, 2006450176, 2006515712, 2006581248, 3080192000, 3080257536, 3080323072, 3080388608, 4153933824, 4153999360, 4154064896, 4154130432, 2959867904, 3080454144, 2007302144, 2007367680, 3081043968, 3081109504, 933822464, 933888000, 2007629824, 934019072, 2007760896, 3081502720, 934215680, 2007957504, 3081699328, 4155244544, 4155441152, 2960064512, 932708352, 932773888, 1893203968, 932839424, 1893269504, 932904960, 932970496, 1893335040, 1893400576, 1893466112, 3084189696, 2106916864, 936706048, 936902656, 936968192, 937033728, 4158324736, 3084582912, 2010644480, 2010710016, 2010775552, 3084386304, 3084451840, 3084517376, 937099264, 2010841088, 2011496448, 2011561984, 3085238272, 3085303808, 2011758592, 938082304, 2011824128, 4159438848, 3085697024, 2011955200, 938409984, 4159635456, 2012151808, 938213376, 2107179008, 938147840, 2107244544, 2107310080, 933560320, 3085893632, 2107375616, 933625856, 933756928, 933953536, 2107965440, 2108030976, 2108424192, 2002124800, 2002518016, 2002714624, 3176529920, 2963603456, 2963668992, 2003304448, 2003501056, 3070754816, 2964062208, 3177512960, 3070820352, 3177578496, 3070885888, 936771584, 3070951424, 4177854464, 4177920000, 3104178176, 3104112640, 2030632960, 2030698496, 2030764032, 956694528, 956628992, 2030436352, 957087744, 2030829568, 4178313216, 957284352, 2031026176, 4178509824, 3104571392, 3104768000, 3178168320, 937361408, 937754624, 4032299008, 937820160, 4032364544, 4032430080, 937951232, 4032495616, 938016768, 4032561152, 4183097344, 4183162880, 3109421056, 962068480, 962134016, 962199552, 3109355520, 961937408, 961871872, 2035679232, 962330624, 2036072448, 4183556096, 962527232, 2036269056, 4183752704, 3109814272, 3110010880, 3110404096, 3110469632, 2036727808, 2036662272, 962985984, 962920448, 4184211456, 963379200, 4184604672, 3110862848, 963575808, 4184801280, 3111059456, 2037121024, 2037317632, 2112225280, 4033216512, 4033347584, 2112618496, 3113549824, 4187357184, 3113615360, 4187291648, 966131712, 2039808000, 4033544192, 966524928, 2040266752, 2039873536, 2040463360, 966721536, 4187750400, 3114205184, 3114008576, 4187947008, 4033609728, 4188405760, 3114663936, 2040856576, 2040922112, 3114598400, 4188340224, 967573504, 4188798976, 967114752, 4188995584, 967770112, 2041511936, 2041315328, 3115057152, 3115253760, 2966945792, 2967011328, 2006646784, 2967076864, 2006712320, 2967142400, 4191485952, 3117809664, 3117744128, 2044198912, 4191551488, 4191813632, 4191879168, 970260480, 2044067840, 2044002304, 2044461056, 970719232, 970915840, 2044657664, 4192141312, 3118202880, 4192534528, 4192600064, 3118399488, 3118792704, 2045116416, 2045050880, 3118858240, 4192993280, 971767808, 2045509632, 971964416, 4193189888, 3119448064, 2045706240, 3119251456, 971702272, 2967797760, 2967863296, 2007498752, 2007564288, 2967994368, 2007695360, 3181707264, 3181772800, 3182166016, 3075801088, 3075866624, 4036296704, 4036493312, 4036558848, 4036624384, 3076259840, 4036689920, 3076456448, 4037345280, 4037410816, 3077046272, 3077111808, 4037607424, 4144496640, 4037804032, 4251254784, 4144562176, 2010447872, 4251320320, 4144627712, 2010513408, 4038000640, 4251713536, 2010906624, 2011103232, 2011693056, 2011889664, 3185901568, 3185967104, 3186360320, 3186556928, 3079995392, 3080060928, 4040687616, 4040753152, 4040818688, 4040884224, 3080650752, 4041539584, 4041605120, 3081240576, 3081306112, 4041736192, 3081371648, 3081437184, 4041867264, 4041998336, 4255449088, 4255514624, 4255907840, 4256104448, 4149542912, 4149608448, 4150001664, 4150198272, 4150591488, 4150788096, 4150853632, 4150984704, 3084255232, 4244963328, 2097479680, 2097545216, 4245159936, 4245225472, 4245291008, 4245356544, 4245422080, 4245028864, 1023737856, 4245618688, 1023934464, 1024000000, 1024065536, 1024131072, 1024196608, 1024393216, 2098135040, 3171876864, 4258594816, 3084845056, 4258660352, 4258791424, 4258856960, 4258922496, 4258988032, 937164800, 3085434880, 3085500416, 3085565952, 4250206208, 4250271744, 3176464384, 4250402816, 4250468352, 3176792064, 3176857600, 3176923136, 4250533888, 4250599424, 3177119744, 4250664960, 3176660992, 3176726528, 1029308416, 1029373952, 1029439488, 1029636096, 4250861568, 3177709568, 3177775104, 3177840640, 3177906176, 4251451392, 4251516928, 1030225920, 1030291456, 1030356992, 1030422528, 4251582464, 4251648000, 2104164352, 1030488064, 1030684672, 2104426496, 4251910144, 4260102144, 3180658688, 3180724224, 1033240576, 3180855296, 3180920832, 3180986368, 3181051904, 3181117440, 4254400512, 4254466048, 2107572224, 3181314048, 4254597120, 4254662656, 4254728192, 4254793728, 4254859264, 4255055872, 1033830400, 1034420224, 2108227584, 2108293120, 3182100480, 4255711232, 4255776768, 4255842304, 2108162048, 4255645696, 3181903872, 3181969408, 3182034944, 2108358656, 1034682368, 2108620800, 1034878976, 3182362624, 4154195968, 2111111168, 2111176704, 3184852992, 2111307776, 2111373312, 2111438848, 2111504384, 2111569920, 3184918528, 3185049600, 2111766528, 3185115136, 3185180672, 3185246208, 3185311744, 3185508352, 4259053568, 1038024704, 4259250176, 2112356352, 2112421888, 2112487424, 2112552960, 3186098176, 3186163712, 3186229248, 3186294784, 4259840000, 4259905536, 4259971072, 4260036608, 1038811136, 1039073280, 2112815104, 4154785792, 4260298752, 4154851328, 4154982400, 4155047936, 4155113472, 4155179008, 4157931520, 4157997056, 956825600, 956891136, 4158128128, 956956672, 4158193664, 957022208, 4158259200, 4158390272, 4158586880, 2112159744, 1023803392, 4158980096, 4159045632, 4159176704, 4159242240, 4159307776, 4159373312, 3051290624], 4294967296: [327680, 393216, 524288, 655360, 786432, 5242880, 6291456, 10485760, 13631488, 50331648, 83886080, 117440512, 218103808], 140737488355328: [327680, 393216, 524288, 655360, 786432, 5242880, 6291456, 10485760, 13631488, 50331648, 83886080, 117440512, 218103808], 140827682668544: [327680, 393216, 524288, 655360, 786432, 5242880, 6291456, 10485760, 13631488, 50331648, 83886080, 117440512, 218103808], 90194313216: [327680, 393216, 524288, 655360, 786432, 5242880, 6291456, 10485760, 13631488, 50331648, 83886080, 117440512, 218103808], 19: [327680, 6291456, 13631488, 50331648, 83886080, 117440512], 12884901888: [327680, 393216, 524288, 655360, 786432, 5242880, 6291456, 10485760, 13631488, 50331648, 83886080, 117440512, 218103808], 584115552256: [327680, 393216, 524288, 655360, 786432, 5242880, 6291456, 10485760, 13631488, 50331648, 83886080, 117440512, 218103808], 51539607552: [327680, 393216, 524288, 589824, 655360, 720896, 786432, 983040, 5242880, 6291456, 9437184, 10485760, 13631488, 14680064, 50331648, 83886080, 117440512, 150994944, 218103808, 1969553408, 1884291072, 810549248, 2958032896, 4031774720, 810942464, 1884684288, 4032167936, 2958426112, 1885339648, 811597824, 1888485376, 814743552, 1889533952, 815792128, 818937856, 1892679680, 819986432, 1893728256, 811925504, 889520128, 1963261952, 895811584, 1885667328], 22544384: [327680, 393216, 524288, 655360, 786432, 5242880, 6291456, 10485760, 13631488, 50331648, 83886080, 117440512, 218103808], 40632320: [327680, 393216, 524288, 655360, 786432, 5242880, 6291456, 10485760, 13631488, 50331648, 83886080, 117440512, 218103808], 32789: [5242880], 32772: [327680, 5242880, 50331648, 117440512, 218103808], 3: [327680, 5242880, 6291456, 9437184, 10485760, 13631488, 14680064, 50331648, 83886080, 117440512, 150994944, 218103808], 344: [327680, 50331648, 83886080, 117440512], 136: [327680, 6291456, 13631488, 50331648, 83886080, 117440512], 21: [327680, 655360, 6291456, 13631488, 50331648, 83886080, 117440512], 32768: [327680, 393216, 655360, 720896, 983040, 5242880, 50331648, 83886080, 117440512, 150994944, 218103808, 1884291072, 810549248, 2958032896, 4031774720, 810942464, 1884684288, 4032167936, 2958426112]})
number of non_feasible_diff = 3166
ROUND = 6 and index = 1

Potential ID key = 564638803281575936
non_feasible_diff = defaultdict(<class 'list'>, {9224497936761618432: [327680, 393216, 524288, 655360, 786432, 5242880, 6291456, 10485760, 13631488, 50331648, 83886080, 117440512, 218103808]})
number of non_feasible_diff = 13
ROUND = 6 and index = 2

Potential ID key = 592504825975930880
non_feasible_diff = defaultdict(<class 'list'>, {18332746708141735936: [327680, 5242880, 50331648, 83886080, 117440512]})
number of non_feasible_diff = 5
ROUND = 6 and index = 3

Potential ID key = 794040909300760576
non_feasible_diff = defaultdict(<class 'list'>, {4503599627370496: [327680, 393216, 524288, 655360, 786432, 5242880, 6291456, 10485760, 13631488, 50331648, 83886080, 117440512, 218103808]})
number of non_feasible_diff = 13
ROUND = 6 and index = 4

Potential ID key = 1163336078745141248
non_feasible_diff = defaultdict(<class 'list'>, {5348024557502464: [327680, 393216, 524288, 655360, 786432, 5242880, 6291456, 10485760, 13631488, 50331648, 83886080, 117440512, 218103808]})
number of non_feasible_diff = 13
ROUND = 6 and index = 5

Potential ID key = 3461860738564358144
non_feasible_diff = defaultdict(<class 'list'>, {281474976710656: [327680, 393216, 524288, 655360, 786432, 5242880, 6291456, 10485760, 13631488, 50331648, 83886080, 117440512, 218103808]})
number of non_feasible_diff = 13
ROUND = 6 and index = 6

Potential ID key = 4467289355374821376
non_feasible_diff = defaultdict(<class 'list'>, {9223372036854775808: [327680, 393216, 524288, 655360, 786432, 5242880, 6291456, 10485760, 13631488, 50331648, 83886080, 117440512, 218103808]})
number of non_feasible_diff = 13
ROUND = 6 and index = 7

Potential ID key = 7192248604910682112
non_feasible_diff = defaultdict(<class 'list'>, {9229283011365699584: [327680, 393216, 524288, 655360, 786432, 5242880, 6291456, 10485760, 13631488, 50331648, 83886080, 117440512, 218103808]})
number of non_feasible_diff = 13
ROUND = 6 and index = 8

Potential ID key = 8610319537578967040
non_feasible_diff = defaultdict(<class 'list'>, {5910974510923776: [327680, 393216, 524288, 655360, 786432, 5242880, 6291456, 10485760, 13631488, 50331648, 83886080, 117440512, 218103808]})
number of non_feasible_diff = 13
ROUND = 6 and index = 9

Potential ID key = 8781737798395756544
non_feasible_diff = defaultdict(<class 'list'>, {844424930131968: [327680, 393216, 524288, 655360, 786432, 5242880, 6291456, 10485760, 13631488, 50331648, 83886080, 117440512, 218103808]})
number of non_feasible_diff = 13
ROUND = 6 and index = 10

Potential ID key = 8970044557815185408
non_feasible_diff = defaultdict(<class 'list'>, {38280596832649216: [327680, 393216, 524288, 655360, 786432, 5242880, 6291456, 10485760, 13631488, 50331648, 83886080, 117440512, 218103808]})
number of non_feasible_diff = 13
ROUND = 6 and index = 11

Potential ID key = 9052235251014696960
non_feasible_diff = defaultdict(<class 'list'>, {3377699720527872: [327680, 393216, 524288, 589824, 655360, 720896, 786432, 983040, 5242880, 6291456, 9437184, 962265088, 10485760, 13631488, 856358912, 963117056, 963182592, 963248128, 14680064, 2030370816, 963313664, 2030567424, 4259708928, 3043295232, 2006908928, 966066176, 966262784, 966328320, 966393856, 966459392, 967180288, 967311360, 967376896, 967442432, 967507968, 4120182784, 2035613696, 2035810304, 2035875840, 2035941376, 2036006912, 862453760, 1929707520, 862650368, 2036858880, 1930166272, 2036924416, 2036989952, 2037055488, 3104309248, 3104374784, 3104440320, 970326016, 50331648, 3104505856, 970457088, 970522624, 970588160, 970653696, 971309056, 971374592, 971505664, 971571200, 971636736, 865402880, 865730560, 865796096, 2040004608, 2040070144, 2040135680, 2040201216, 866648064, 866713600, 866779136, 866844672, 2041053184, 2041118720, 2041184256, 2041249792, 1934950400, 1935147008, 1935212544, 1935278080, 1935343616, 1935409152, 3109552128, 3109617664, 3109683200, 3109748736, 1935998976, 1936195584, 1936261120, 1936326656, 3003449344, 1936392192, 3003514880, 3003645952, 3003711488, 3003777024, 3003842560, 3110600704, 869793792, 3110666240, 869859328, 3110731776, 869924864, 3110797312, 869990400, 870055936, 4178051072, 4178116608, 4178182144, 4178247680, 83886080, 2044264448, 2044329984, 2044395520, 870842368, 870907904, 870973440, 871038976, 871104512, 2045247488, 2045313024, 2045378560, 2045444096, 1939341312, 1939406848, 1939472384, 1939537920, 1939603456, 3113746432, 3113811968, 3113877504, 3113943040, 1940193280, 1940258816, 1940389888, 1940455424, 1940520960, 1940586496, 3114795008, 3114860544, 3114926080, 3114991616, 3008692224, 3008757760, 3008888832, 3008954368, 3009019904, 3009085440, 4183293952, 4183359488, 4183425024, 4183490560, 3009740800, 3009937408, 3010002944, 3010068480, 4077191168, 3010134016, 4077387776, 4184145920, 4077453312, 4077518848, 4077584384, 4184342528, 1943535616, 4184408064, 1943601152, 4184473600, 1943666688, 4184539136, 1943732224, 1943994368, 117440512, 3117940736, 3118006272, 3118071808, 3118137344, 1944387584, 1944453120, 1944584192, 1944649728, 1944715264, 1944780800, 3118989312, 3119054848, 3119120384, 3119185920, 3012886528, 3012952064, 3013083136, 3013148672, 3013214208, 3013279744, 4187488256, 4187553792, 4187619328, 4187684864, 3013935104, 3014000640, 3014131712, 3014197248, 3014262784, 3014328320, 4188536832, 4188602368, 4188667904, 4188733440, 4082434048, 4082499584, 4083679232, 4083744768, 4083810304, 4083875840, 3017080832, 3017277440, 3017342976, 3017408512, 3017474048, 150994944, 4191682560, 4191748096, 4191944704, 3018391552, 3018457088, 4192731136, 4192796672, 4192862208, 4192927744, 4125032448, 4087742464, 4087939072, 4088004608, 889782272, 4092133376, 4092198912, 894763008, 894828544, 895418368, 896073728, 896139264, 1963524096, 218103808, 1033371648, 898957312, 899022848, 899153920, 899284992, 899350528, 899612672, 900005888, 900071424, 900202496, 900268032, 900333568, 900399104, 900464640, 1968504832, 1968570368, 1968701440, 1968766976, 1968832512, 1968898048, 1969160192, 1969553408, 1969618944, 1969750016, 1969815552, 1969881088, 3037003776, 1969946624, 3037069312, 1970012160, 3037265920, 903151616, 3037331456, 903217152, 3037396992, 3037462528, 903348224, 903413760, 903479296, 3037659136, 903544832, 903806976, 904200192, 904265728, 904396800, 904462336, 904527872, 904593408, 904658944, 1972699136, 1972764672, 1972895744, 1972961280, 1973026816, 1973092352, 1973747712, 1973813248, 1973944320, 1974009856, 1974075392, 1884291072, 810549248, 2958032896, 4031774720, 1884618752, 810942464, 810876928, 1884684288, 2958360576, 4032167936, 4032102400, 811335680, 1885077504, 2958426112, 1885274112, 1885339648, 811597824, 2959081472, 4032823296, 811532288, 2959015936, 4032757760, 4033150976, 812122112, 1885929472, 812253184, 812187648, 1885995008, 1886060544, 812318720, 1885863936, 2959671296, 4033478656, 4033413120, 2959736832, 2959802368, 4033806336, 812580864, 3042705408, 1886322688, 3042902016, 2962227200, 4035969024, 1888485376, 814743552, 1888813056, 815136768, 1888878592, 2962751488, 2962817024, 2962882560, 2962948096, 815071232, 2962554880, 4036362240, 2962620416, 4036755456, 2963013632, 2963210240, 2963275776, 4037017600, 1889533952, 815792128, 4036952064, 1889468416, 4037541888, 2963800064, 1890123776, 2963996672, 4037738496, 816447488, 1890189312, 816381952, 2963865600, 4037672960, 2963931136, 1890254848, 1890516992, 2964258816, 816775168, 3043491840, 3043622912, 4110745600, 4040163328, 2966421504, 818937856, 1892679680, 819265536, 819331072, 1893072896, 1893007360, 4040491008, 4040556544, 2966749184, 4040949760, 2967207936, 2966814720, 4041146368, 819986432, 4041211904, 2967470080, 1893728256, 2967404544, 1894055936, 1894121472, 819920896, 820510720, 1894318080, 1894383616, 1894252544, 1894514688, 4041801728, 2968059904, 1894711296, 2968125440, 820707328, 1894449152, 2968190976, 4041932800, 2968256512, 2968453120, 4042194944, 4111400960, 1977352192, 1977548800, 1978138624, 1978204160, 1978269696, 3084648448, 3046899712, 3047096320, 3042312192, 3047882752, 4116381696, 4116447232, 4116643840, 4117299200, 3177971712, 3050635264, 3050700800, 3085631488, 3051094016, 855965696, 856031232, 1929773056, 856162304, 856227840, 856293376, 1929904128, 1929969664, 1930035200, 1930100736, 4077256704, 4077649920, 3003908096, 4077846528, 3004104704, 856424448, 856621056, 1930362880, 3051880448, 811073536, 3051945984, 811139072, 811204608, 3052077056, 2104229888, 811270144, 4259643392, 861208576, 861274112, 1935015936, 4082630656, 4082696192, 4082761728, 4082827264, 861405184, 861470720, 861536256, 861601792, 4082892800, 3009150976, 4083089408, 3009347584, 861667328, 861863936, 1935605760, 862322688, 862257152, 862519296, 862584832, 4083548160, 4083941376, 4083482624, 3009806336, 1936064512, 3010199552, 3010396160, 1936457728, 1936654336, 862715904, 862912512, 4084137984, 811925504, 811991040, 4086628352, 1939144704, 865468416, 4086824960, 4086890496, 4086956032, 4087021568, 865599488, 865665024, 1939210240, 4086693888, 4087087104, 3013345280, 865861632, 3013541888, 4087283712, 866451456, 1939800064, 866058240, 4087873536, 812384256, 866516992, 4088070144, 4088135680, 4087676928, 3014393856, 1940652032, 1940848640, 3014590464, 866910208, 4088332288, 867106816, 4120641536, 4120838144, 869597184, 4090888192, 1943404544, 4091019264, 4091084800, 4091150336, 4091215872, 1943339008, 869662720, 4090822656, 3017146368, 3017539584, 4091281408, 1943797760, 4091478016, 3017736192, 3018129408, 3018194944, 870252544, 3018326016, 4092067840, 870645760, 3018522624, 4092264448, 4091936768, 4091871232, 870711296, 1944846336, 3018588160, 3018784768, 1945042944, 871301120, 4092329984, 4092526592, 4121624576, 1976893440, 4111007744, 1976958976, 815267840, 815333376, 4111073280, 815398912, 815464448, 815529984, 1028980736, 4153802752, 1029046272, 815726592, 1029177344, 1029242880, 816119808, 816185344, 816316416, 923074560, 923140096, 816513024, 923271168, 816578560, 1030029312, 923336704, 1030094848, 923467776, 4124835840, 2106982400, 889520128, 889585664, 1963261952, 889716736, 1963327488, 889847808, 889913344, 4111204352, 1963458560, 1963655168, 4110811136, 4110942208, 3037200384, 1963589632, 4111138816, 889978880, 1963720704, 890175488, 1963917312, 2097676288, 2097741824, 2097807360, 1038417920, 2097872896, 2097938432, 1038483456, 4125622272, 1884815360, 1884880896, 1884946432, 4125818880, 1885011968, 3042246656, 4115988480, 4116054016, 3042443264, 3042508800, 3042574336, 3042639872, 4116185088, 4116250624, 4116316160, 894959616, 895025152, 895090688, 895156224, 895221760, 1968963584, 4117037056, 4117102592, 3043360768, 895811584, 895877120, 896008192, 3043688448, 3043753984, 4117495808, 896204800, 3043950592, 896270336, 4117233664, 3043557376, 4117364736, 4117430272, 4117692416, 896466944, 1970208768, 4154392576, 1885667328, 1885732864, 3046440960, 3046506496, 4120248320, 3046637568, 3046703104, 3046768640, 3046834176, 4120379392, 4120444928, 4120510464, 4120576000, 1886126080, 899219456, 1973157888, 899416064, 1973354496, 3047489536, 3047555072, 4121231360, 3047686144, 3047751680, 3047817216, 1974140928, 1974206464, 3047948288, 4121296896, 1974403072, 3048144896, 4121427968, 4121493504, 4121559040, 4121690112, 4121886720, 900661248, 819462144, 819527680, 819593216, 819658752, 819724288, 4124377088, 1033175040, 4124442624, 3050831872, 3050897408, 1977221120, 1977286656, 3050962944, 3051028480, 1977090048, 1977155584, 4124573696, 4124639232, 4124704768, 4124770304, 903610368, 1977942016, 1978007552, 3051683840, 3051749376, 4125425664, 4125491200, 4125687808, 1978400768, 3052142592, 4125753344, 3052339200, 904855552, 4125884416, 1033437184, 3052011520, 1978335232, 1033568256, 1033502720, 1978597376, 4126081024, 1033633792, 2107113472, 820314112, 820379648, 820576256, 820641792, 820772864, 1034223616, 1034289152, 820969472, 1034485760, 1034551296, 1034616832, 932511744, 932577280, 928514048, 928579584, 1889009664, 928645120, 1889075200, 1889140736, 928776192, 1889206272, 1889271808, 2102722560, 928972800, 2102788096, 2102919168, 2102984704, 2103050240, 2103115776, 929366016, 2103181312, 929431552, 1889861632, 1889927168, 929562624, 2103377920, 1890058240, 929693696, 1996816384, 1996881920, 1997012992, 1890320384, 2103771136, 2103836672, 2103967744, 2104033280, 2104098816, 3171221504, 3070558208, 3070623744, 4144300032, 4144365568, 3171287040, 923402240, 4144693248, 3071016960, 4144758784, 923533312, 923729920, 1997078528, 1997275136, 1997471744, 1997144064, 1997209600, 3171418112, 3171483648, 3071213568, 4144955392, 1037369344, 3171549184, 1037434880, 3171614720, 3171680256, 1037565952, 1037631488, 1037697024, 1037762560, 2958557184, 1037828096, 2958622720, 2958688256, 933167104, 2958753792, 2958819328, 2002059264, 928317440, 928382976, 2002255872, 2002321408, 2002386944, 2002452480, 3075997696, 3076063232, 3076128768, 3076194304, 4149739520, 4149805056, 4149870592, 4149936128, 928710656, 2003107840, 2003173376, 3076849664, 3076915200, 2003369984, 2003435520, 4150657024, 3077308416, 2003566592, 4150919168, 4151050240, 929628160, 929824768, 929759232, 3077177344, 3077242880, 2003763200, 3077505024, 4151246848, 930021376, 1038614528, 1038680064, 2959409152, 1038745600, 2959474688, 1893662720, 2959605760, 1038876672, 4153737216, 2006253568, 2006319104, 2006450176, 2006515712, 2006581248, 3080192000, 3080257536, 3080323072, 3080388608, 4153933824, 4153999360, 4154064896, 4154130432, 2959867904, 3080454144, 2007302144, 2007367680, 3081043968, 3081109504, 933822464, 933888000, 2007629824, 934019072, 2007760896, 3081502720, 934215680, 2007957504, 3081699328, 4155244544, 4155441152, 2960064512, 932708352, 932773888, 1893203968, 932839424, 1893269504, 932904960, 932970496, 1893335040, 1893400576, 1893466112, 3084189696, 2106916864, 936706048, 936902656, 936968192, 937033728, 4158324736, 3084582912, 2010644480, 2010710016, 2010775552, 3084386304, 3084451840, 3084517376, 937099264, 2010841088, 2011496448, 2011561984, 3085238272, 3085303808, 2011758592, 938082304, 2011824128, 4159438848, 3085697024, 2011955200, 938409984, 4159635456, 2012151808, 938213376, 2107179008, 938147840, 2107244544, 2107310080, 933560320, 3085893632, 2107375616, 933625856, 933756928, 933953536, 2107965440, 2108030976, 2108424192, 2002124800, 2002518016, 2002714624, 3176529920, 2963603456, 2963668992, 2003304448, 2003501056, 3070754816, 2964062208, 3177512960, 3070820352, 3177578496, 3070885888, 936771584, 3070951424, 4177854464, 4177920000, 3104178176, 3104112640, 2030632960, 2030698496, 2030764032, 956694528, 956628992, 2030436352, 957087744, 2030829568, 4178313216, 957284352, 2031026176, 4178509824, 3104571392, 3104768000, 3178168320, 937361408, 937754624, 4032299008, 937820160, 4032364544, 4032430080, 937951232, 4032495616, 938016768, 4032561152, 4183097344, 4183162880, 3109421056, 962068480, 962134016, 962199552, 3109355520, 961937408, 961871872, 2035679232, 962330624, 2036072448, 4183556096, 962527232, 2036269056, 4183752704, 3109814272, 3110010880, 3110404096, 3110469632, 2036727808, 2036662272, 962985984, 962920448, 4184211456, 963379200, 4184604672, 3110862848, 963575808, 4184801280, 3111059456, 2037121024, 2037317632, 2112225280, 4033216512, 4033347584, 2112618496, 3113549824, 4187357184, 3113615360, 4187291648, 966131712, 2039808000, 4033544192, 966524928, 2040266752, 2039873536, 2040463360, 966721536, 4187750400, 3114205184, 3114008576, 4187947008, 4033609728, 4188405760, 3114663936, 2040856576, 2040922112, 3114598400, 4188340224, 967573504, 4188798976, 967114752, 4188995584, 967770112, 2041511936, 2041315328, 3115057152, 3115253760, 2966945792, 2967011328, 2006646784, 2967076864, 2006712320, 2967142400, 4191485952, 3117809664, 3117744128, 2044198912, 4191551488, 4191813632, 4191879168, 970260480, 2044067840, 2044002304, 2044461056, 970719232, 970915840, 2044657664, 4192141312, 3118202880, 4192534528, 4192600064, 3118399488, 3118792704, 2045116416, 2045050880, 3118858240, 4192993280, 971767808, 2045509632, 971964416, 4193189888, 3119448064, 2045706240, 3119251456, 971702272, 2967797760, 2967863296, 2007498752, 2007564288, 2967994368, 2007695360, 3181707264, 3181772800, 3182166016, 3075801088, 3075866624, 4036296704, 4036493312, 4036558848, 4036624384, 3076259840, 4036689920, 3076456448, 4037345280, 4037410816, 3077046272, 3077111808, 4037607424, 4144496640, 4037804032, 4251254784, 4144562176, 2010447872, 4251320320, 4144627712, 2010513408, 4038000640, 4251713536, 2010906624, 2011103232, 2011693056, 2011889664, 3185901568, 3185967104, 3186360320, 3186556928, 3079995392, 3080060928, 4040687616, 4040753152, 4040818688, 4040884224, 3080650752, 4041539584, 4041605120, 3081240576, 3081306112, 4041736192, 3081371648, 3081437184, 4041867264, 4041998336, 4255449088, 4255514624, 4255907840, 4256104448, 4149542912, 4149608448, 4150001664, 4150198272, 4150591488, 4150788096, 4150853632, 4150984704, 3084255232, 4244963328, 2097479680, 2097545216, 4245159936, 4245225472, 4245291008, 4245356544, 4245422080, 4245028864, 1023737856, 4245618688, 1023934464, 1024000000, 1024065536, 1024131072, 1024196608, 1024393216, 2098135040, 3171876864, 4258594816, 3084845056, 4258660352, 4258791424, 4258856960, 4258922496, 4258988032, 937164800, 3085434880, 3085500416, 3085565952, 4250206208, 4250271744, 3176464384, 4250402816, 4250468352, 3176792064, 3176857600, 3176923136, 4250533888, 4250599424, 3177119744, 4250664960, 3176660992, 3176726528, 1029308416, 1029373952, 1029439488, 1029636096, 4250861568, 3177709568, 3177775104, 3177840640, 3177906176, 4251451392, 4251516928, 1030225920, 1030291456, 1030356992, 1030422528, 4251582464, 4251648000, 2104164352, 1030488064, 1030684672, 2104426496, 4251910144, 4260102144, 3180658688, 3180724224, 1033240576, 3180855296, 3180920832, 3180986368, 3181051904, 3181117440, 4254400512, 4254466048, 2107572224, 3181314048, 4254597120, 4254662656, 4254728192, 4254793728, 4254859264, 4255055872, 1033830400, 1034420224, 2108227584, 2108293120, 3182100480, 4255711232, 4255776768, 4255842304, 2108162048, 4255645696, 3181903872, 3181969408, 3182034944, 2108358656, 1034682368, 2108620800, 1034878976, 3182362624, 4154195968, 2111111168, 2111176704, 3184852992, 2111307776, 2111373312, 2111438848, 2111504384, 2111569920, 3184918528, 3185049600, 2111766528, 3185115136, 3185180672, 3185246208, 3185311744, 3185508352, 4259053568, 1038024704, 4259250176, 2112356352, 2112421888, 2112487424, 2112552960, 3186098176, 3186163712, 3186229248, 3186294784, 4259840000, 4259905536, 4259971072, 4260036608, 1038811136, 1039073280, 2112815104, 4154785792, 4260298752, 4154851328, 4154982400, 4155047936, 4155113472, 4155179008, 4157931520, 4157997056, 956825600, 956891136, 4158128128, 956956672, 4158193664, 957022208, 4158259200, 4158390272, 4158586880, 2112159744, 1023803392, 4158980096, 4159045632, 4159176704, 4159242240, 4159307776, 4159373312, 3051290624]})
number of non_feasible_diff = 1355
ROUND = 6 and index = 12

Potential ID key = 9718486520888819712
non_feasible_diff = defaultdict(<class 'list'>, {96827391988465664: [327680, 393216, 524288, 655360, 786432, 5242880, 6291456, 10485760, 13631488, 50331648, 83886080, 117440512, 218103808]})
number of non_feasible_diff = 13
ROUND = 6 and index = 13

Potential ID key = 10426677562292830208
non_feasible_diff = defaultdict(<class 'list'>, {174514485560606720: [327680, 5242880, 50331648, 83886080, 117440512]})
number of non_feasible_diff = 5
